brotli=1.0.9=hcfcfb64_8
brotli-bin=1.0.9=hcfcfb64_8
bzip2=1.0.8=h8ffe710_4
ca-certificates=2022.12.7=h5b45459_0
certifi=2022.12.7=pyhd8ed1ab_0
cmdstan=2.29.2=hc4b6281_2
cmdstanpy=1.0.8=pyhd8ed1ab_0
colorama=0.4.6=pyhd8ed1ab_0
contourpy=1.0.6=py39h1f6ef14_0
convertdate=2.4.0=pyhd8ed1ab_0
cycler=0.11.0=pyhd8ed1ab_0
ephem=4.1.3=py39ha55989b_5
fonttools=4.38.0=py39ha55989b_1
freetype=2.12.1=h546665d_1
hijri-converter=2.2.4=pyhd8ed1ab_0
holidays=0.17.2=pyhd8ed1ab_0
intel-openmp=2022.2.1=h57928b3_19741
joblib=1.2.0=pyhd8ed1ab_0
jpeg=9e=h8ffe710_2
kiwisolver=1.4.4=py39h1f6ef14_1
korean_lunar_calendar=0.3.1=pyhd8ed1ab_0
lcms2=2.14=h90d422f_0
lerc=4.0.0=h63175ca_0
libblas=3.9.0=16_win64_mkl
libbrotlicommon=1.0.9=hcfcfb64_8
libbrotlidec=1.0.9=hcfcfb64_8
libbrotlienc=1.0.9=hcfcfb64_8
libcblas=3.9.0=16_win64_mkl
libdeflate=1.14=hcfcfb64_0
libffi=3.4.2=h8ffe710_5
libhwloc=2.8.0=h039e092_1
libiconv=1.17=h8ffe710_0
liblapack=3.9.0=16_win64_mkl
libpng=1.6.39=h19919ed_0
libsqlite=3.40.0=hcfcfb64_0
libtiff=4.4.0=h8e97e67_4
libwebp-base=1.2.4=h8ffe710_0
libxcb=1.13=hcd874cb_1004
libxml2=2.10.3=hc3477c8_0
libzlib=1.2.13=hcfcfb64_4
lunarcalendar=0.0.9=py_0
m2-bash=4.3.042=5
m2-coreutils=8.25=102
m2-filesystem=2016.04=4
m2-gcc-libs=5.3.0=4
m2-gmp=6.1.0=3
m2-libiconv=1.14=3
m2-libintl=0.19.7=4
m2-msys2-runtime=2.5.0.17080.65c939c=3
m2-sed=4.2.2=3
m2w64-binutils=2.25.1=5
m2w64-bzip2=1.0.6=6
m2w64-crt-git=5.0.0.4636.2595836=2
m2w64-gcc=5.3.0=6
m2w64-gcc-ada=5.3.0=6
m2w64-gcc-fortran=5.3.0=6
m2w64-gcc-libgfortran=5.3.0=6
m2w64-gcc-libs=5.3.0=7
m2w64-gcc-libs-core=5.3.0=7
m2w64-gcc-objc=5.3.0=6
m2w64-gmp=6.1.0=2
m2w64-headers-git=5.0.0.4636.c0ad18a=2
m2w64-isl=0.16.1=2
m2w64-libiconv=1.14=6
m2w64-libmangle-git=5.0.0.4509.2e5a9a2=2
m2w64-libwinpthread-git=5.0.0.4634.697f757=2
m2w64-make=4.1.2351.a80a8b8=2
m2w64-mpc=1.0.3=3
m2w64-mpfr=3.1.4=4
m2w64-pkg-config=0.29.1=2
m2w64-toolchain=5.3.0=7
m2w64-toolchain_win-64=2.4.0=0
m2w64-tools-git=5.0.0.4592.90b8472=2
m2w64-windows-default-manifest=6.4=3
m2w64-winpthreads-git=5.0.0.4634.697f757=2
m2w64-zlib=1.2.8=10
matplotlib-base=3.6.2=py39haf65ace_0
mkl=2022.1.0=h6a75c08_874
msys2-conda-epoch=20160418=1
munkres=1.1.4=pyh9f0ad1d_0
numpy=1.23.5=py39hbccbffa_0
openjpeg=2.5.0=hc9384bd_1
openssl=3.0.7=hcfcfb64_1
packaging=22.0=pyhd8ed1ab_0
pandas=1.5.2=py39h2ba5b7c_0
pillow=9.2.0=py39h595c93f_3
pip=22.3.1=pyhd8ed1ab_0
plotly=5.11.0=py_0
prophet=1.1.1=py39hcbf5309_1
pthread-stubs=0.4=hcd874cb_1001
pthreads-win32=2.9.1=hfa6e2cd_3
pymeeus=0.5.12=pyhd8ed1ab_0
pyparsing=3.0.9=pyhd8ed1ab_0
python=3.9.15=h4de0772_0_cpython
python-dateutil=2.8.2=pyhd8ed1ab_0
python_abi=3.9=3_cp39
pytz=2022.6=pyhd8ed1ab_0
scikit-learn=1.2.0=py39h6fe01c0_0
scipy=1.9.3=py39hfbf2dce_2
setuptools=65.5.1=pyhd8ed1ab_0
setuptools-git=1.2=py_1
six=1.16.0=pyh6c4a22f_0
tbb=2021.7.0=h91493d7_1
tenacity=8.1.0=pyhd8ed1ab_0
threadpoolctl=3.1.0=pyh8a188c0_0
tk=8.6.12=h8ffe710_0
tqdm=4.64.1=pyhd8ed1ab_0
tzdata=2022g=h191b570_0
ucrt=10.0.22621.0=h57928b3_0
unicodedata2=15.0.0=py39ha55989b_0
vc=14.3=h3d8a991_9
vs2015_runtime=14.32.31332=h1d6e394_9
wheel=0.38.4=pyhd8ed1ab_0
xorg-libxau=1.0.9=hcd874cb_0
xorg-libxdmcp=1.1.3=hcd874cb_0
xz=5.2.6=h8d14728_0
zstd=1.5.2=h7755175_4
